20200120E 0.0008  87.77   30
20181030A 0.0039  103.5   40
20171020A 0.00867 114.1   38
20231229A 0.0190  198.5   58.12
20240210A 0.0238  283.75  31
20181220A 0.027   209.4   125.8
20231230A 0.0298  131.4   61.51
20181223C 0.03024 112.51  19.91
20190425A 0.03122 128.16  48.75
20180916B 0.0337  348.76  200
20230718A 0.035   477     396
20240201A 0.0427  374.5   38
20220207C 0.0430  262.38  79.3
20211127I 0.0469  234.83  42.5
20201123A 0.0507  433.55  251.93
20230926A 0.0553  222.8   52.69
20200223B 0.06024 202.268 46
20190303A 0.064   222.4   26
20231204A 0.0644  221.0   29.73
20231206A 0.0659  457.7   59.13
20210405I 0.066   565.17  516.1
20180814  0.068   189.4   87
20231120A 0.07    438.9   43.8
20231005A 0.0713  189.4   33.37
20190418A 0.07132 184.5   70.1
20211212A 0.0715  206.0   27.1
20231123A 0.0729  302.1   89.76
20220912A 0.0771  219.46  115
20231011A 0.0783  186.3   70.36
20220509G 0.0894  269.53  55.2
20230124  0.0940  590.6   38.5
20201124A 0.098   413     123
20230708A 0.105   411.51  50
20231223C 0.1059  165.8   47.9
20191106C 0.10775 333.4   25
20231128A 0.1079  331.6   25.05
20230222B 0.11    187.8   27.7
20231201A 0.1119  169.4   70.03
20220914A 0.1139  631.28  55.2
20190608B 0.1178  339     37
20230703A 0.1184  291.3   26.97
20240213A 0.1185  357.4   40.1
202030222A 0.1223 706.1   134.13
20190110C 0.1224  221.961 35.66
20230628A 0.1265  345.15  39.1
20240310A 0.127   601.8   36
20210807D 0.1293  251.9   121.2
20240114A 0.13    527.65  49.7 
20240209A 0.1384  176.49  55.5
20210410D 0.1415  578.78  56.2
20230203A 0.1464  420.1   36.29
20231226A 0.1569  329.9   145
20230526A 0.157   316.4   50
20220920A 0.158   314.99  40.3
20200430A 0.1608  380.25  27
20210603A 0.177   500.15  40
20220529A 0.1839  246.0   40.0 
20230311A 0.1918  364.3   92.39
20220725A 0.1926  290.4   31
20121102A 0.19273 557.0   188.4 
20221106A 0.2044  343.8   35
20240215A 0.21    549.5   48.0
20230730A 0.2115  312.5   85.18
20210117A 0.214   729.0   34.0
20221027A 0.229   452.5   47.2
20191001A 0.234   506.92  44.7
20190714A 0.2365  504.13  38
20221101B 0.2395  490.7   131.2
20220825A 0.2414  651.24  79.7
20191228A 0.2432  297.5   33
20231017A 0.2450  344.2   64.55
20221113A 0.2505  411.4   91.7
20220307B 0.2507  499.15  128.2
20231123B 0.2625  396.7   40.2
20230307A 0.2710  608.9   37.6
20221116A 0.2764  640.6   132.3
20220105A 0.2785  583     22
20210320C 0.2796  384.8   42.2
20221012A 0.2846  441.08  54.4
20240229A 0.287   491.15  37.9
20190102C 0.2913  363.6   57.3
20220506D 0.3004  396.97  89.1
20230501A 0.3010  532.5   125.6
20180924B 0.3214  361.42  40.5
20231025B 0.3238  368.7   48.67
20230626A 0.3270  451.2   39.2
20180301A 0.3304  536     152
20231220A 0.3355  491.2   49.9
20211203C 0.3439  635.0   63.4
20202028A 0.3510  437.0   101.6
20220726A 0.3610  686.55  89.5
20220717A 0.36295 637.34 118.3
20230902A 0.3619  440.1   34
20200906A 0.3688  577.8   36
20240119A 0.37    483.1   37.9
20220330D 0.3714  468.1   38.6
20190611B 0.3778  321.4   57.8
20220501C 0.381   449.5   31
20220204A 0.4     612.2   50.7
20230712A 0.4525  586.96  39.2
20181112A 0.4755  589.27  42
20220310F 0.4779  462.24  45.4
20220918A 0.491   656.8   41
20190711A 0.5220  593.1   56.4
20230216A 0.5310  828.0   38.5
20230814A 0.5535  696.4   104.9
20221219A 0.5540  706.7   44.4
20190614D 0.60    959.2   83.5
20220418A 0.6220  623.25  37.6
20190523A 0.6600  760.8   37
20240123A 0.968   1462.0  90.3
20221029A 0.9750  1391.05 43.9
20220610A 1.016   1458.1  30.9
20230521B 1.354   1342.9  138.8 
